205
3358
2525
614
1856
4939
2221
4263
2868
1656
197
4761
4623
2631
4964
149
4562
2983
400
1628
3704
4637
4739
2555
2882
2717
96
3073
1088
3386
1504
463
2580
2134
2139
399
183
4212
4204
2503
951
2804
2350
455
2947
2334
2770
1925
1408
1401
2128
1497
1906
4957
2695
2563
4894
388
2370
4836
1530
58
1866
1255
4810
41
2217
1187
2470
2056
550
4769
1331
2120
4501
1615
4278
57
4379
2138
4989
2397
3656
3545
1232
3180
1267
4840
1694
3913
3919
1502
2484
2799
1152
919
2135
3664
4759
1171
830
2923
4769
4718
4761
3639
2402
11
294
1968
679
3846
2876
3299
2390
141
691
4152
3027
1640
3490
3479
3360
1089
3918
1898
4502
419
907
2613
2057
4470
2987
4068
4592
3123
3181
1226
4048
866
1311
4736
2457
2926
2183
1684
3506
995
4519
3364
3590
1925
190
4092
1811
1958
2879
1732
3377
1441
4600
4113
4462
3237
4976
4209
4737
1950
765
2251
4451
4706
238
4622
3031
1917
2522
2989
4508
3780
834
828
2053
3829
4843
110
4660
3630
4532
110
335
3592
3356
3225
134
353
583
3992
2174
3355
4991
4401
4012
1067
3451
2438
1269
1678
624
2181
3148
4873
1965
1745
4072
3513
3505
277
984
4228
2903
273
2700
1602
2815
1599
4550
2639
3896
3785
4772
4799
321
4252
510
3512
3881
3935
4566
2602
1335
4642
1374
3439
1867
4544
252
2454
869
3834
4111
4187
1842
499
4861
4896
3818
3638
142
364
3753
4268
4054
4297
1730
4006
2368
1942
2079
3431
129
2818
1778
126
781
3110
624
4343
4716
2954
4986
3178
453
2333
250
891
942
4529
1444
869
3276
4129
1967
2737
4825
3410
535
415
46
574
3751
2512
1334
1886
671
1116
1062
33
690
4577
581
2499
2961
2119
2547
2462
3647
2686
1449
2917
546
2423
2930
1397
633
1725
681
2532
2324
1641
1291
3876
2978
2015
1886
4559
1668
4398
2623
104
439
3089
1261
1522
500
2285
1841
3601
2808
2606
1540
3783
2925
1440
4824
271
4418
1815
4731
4973
3342
3167
146
3111
4631
1807
3239
1650
1149
3331
4963
4671
4833
2854
2417
2054
465
4064
1737
794
3642
1200
3969
1482
1541
4877
1487
3745
2999
3549
4866
3363
2581
95
1827
1357
1806
534
1513
2105
4052
527
4368
2237
1901
1855
4615
1065
4435
349
3000
3475
1160
2821
4836
1196
3323
4779
2733
4281
4395
4900
123
4479
629
945
1948
3358
1759
3561
2191
3878
3132
1649
1096
1761
865
2214
464
870
2192
144
3242
4147
3353
3290
2133
207
2876
441
4942
4957
2741
186
2378
637
663
4535
596
1309
2332
3039
35
452
1754
584
4185
3345
1223
1114
3890
2026
3191
417
4203
1832
524
3753
591
2620
2542
3903
2954
1523
3321
113
1911
414
2149
3868
1626
3175
3127
4484
172
1229
438
2966
3111
1845
2863
1915
3802
1512
699
1250
2722
739
4545
2330
1393
1365
1408
974
36
2362
1527
3221
4309
950
4529
1708
4326
1362
2774
4943
4381
340
1599
2628
3378
4270
553
2948
2427
1161
4673
4325
1181
1627
950
2414
1359
4752
399
1826
1260
1750
1842
1349
3592
4166
217
4452
2952
947
2155
274
3230
4983
302
1790
4497
1220
3801
1764
4903
3525
1903
3807
1685
4154
462
2639
204
2468
51
1195
4392
1540
4141
209
135
3777
4882
1276
3790
2372
649
516
3070
4722
4928
2704
1288
35
4591
3043
1437
4386
4911
2312
630
3650
2325
3791
180
911
2414
1561
3558
4312
1746
4340
4333
503
3231
1919
2036
4204
1734
134
3101
1657
3366
2953
2557
3549
3501
2429
153
3701
4424
937
3090
934
1995
4094
1962
3821
3379
2583
254
1759
285
4987
553
1832
387
13
1525
2180
4171
678
4166
3273
2509
4885
3115
2781
47
3627
851
1343
904
4563
4738
2525
761
934
4658
4664
975
4200
4645
4128
4544
4396
1352
2237
4638
1777
4520
2208
4708
3501
4060
2471
484
473
1654
1047
281
2663
4760
2748
4011
2962
58
2262
3598
4958
2221
6
4647
1176
2079
2456
1003
814
4953
4587
2507
2548
3298
918
520
3430
2935
1945
4371
3626
4953
2169
827
4137
1793
4067
1106
127
585
4
4050
2280
3319
2707
94
4885
2953
280
2502
4311
2465
382
907
4194
1186
2712
3861
3855
3292
4360
657
4047
3782
2823
4344
3752
4213
4825
1353
1379
1106
270
4988
2669
2643
4015
1347
462
3952
4565
1185
4901
4421
3289
2411
1674
4746
4974
2407
4827
5
4927
3756
184
4578
2984
1753
4509
1269
202
3771
4460
2780
1911
4552
3648
2665
962
392
3953
4698
337
961
3868
1118
3437
2232
4140
1734
362
1257
3333
260
3013
520
4598
793
3348
1344
3533
2444
2828
1641
4462
1379
3842
4009
4617
2189
1263
3261
2299
759
3472
4047
4610
3192
2297
937
3650
1205
704
249
3181
229
3249
3843
877
3702
3794
2803
2406
4592
2569
821
1666
73
515
1335
377
4748
3645
4468
1387
1566
3499
1960
2221
811
4389
4481
4888
1059
505
302
2312
1799
1845
432
2320
3533
1443
395
1316
2745
2048
22
4863
4061
3803
945
664
4908
1169
2651
3992
940
798
4229
1129
401
3192
692
1218
1511
2585
3396
129
612
4770
959
4067
3461
726
172
3081
3901
2934
589
2990
1195
3184
2038
3205
4100
1067
4961
4996
1808
1472
2928
977
3916
2390
3913
116
738
3788
4476
4946
4170
4402
1377
3623
4154
2556
3804
4314
1425
874
2288
2506
4014
2607
266
1485
4872
2746
2664
488
1217
1881
1194
2971
2029
4656
2574
1482
937
3780
833
2523
482
2661
1038
3126
845
2458
4105
2549
2774
3802
4827
2622
1683
3255
2716
1561
4466
2786
546
4321
2062
30
430
3788
1415
1264
